00000000000000100000000001000001100000000000000011000000000000000000000000000000010000000000100
01110001001010010111100011011011101110100001011101000000000000000000010000011000000000001000100
01110001001010010111100011011011101110100101011101000000000000000000011000011000000000001000100
00000000001100010000110001000001100000000000101110000000000000010000001100101010000010011110101
00000000001000010000100001000001100000000000001111000000000000000000001001110000000000001000100
01110001001011010111100011001011101110100101011101000110111100100000011000111000000101001000100
01110001001010010111100011011011101110100101011101000000000000000100011000011000000000011000100
00000000000000000000000001000001100000000000000010000000000000000000001000011000100010011110101
00000000000000110000000001000101100000000010000010000000000010000000000000000100000000000000010
01110001001011010111100011001011101110100101011101000110000000000100011001111000000000001001100
01110001001010010111100011111011101110100101001101000000000000000100011000011000000000001000100
01110001001011010111100011001011101110100101011101000110111100100000011000110000000000001000100
00000000000000100000000001000001100000000000000010000000000000000000000000000000010000000000000
00000000001000010000100001000001100000000000000110000000000000000000000000000000010000000000000
00000000001001010100100001100001100000010000001110000000000000000100011001011000000000101000100
10000000000000000000000001000000000000000000000000001000000000000000000000000000000000000000000
00000010001000010000100001100001100000010000001100100000000000000100011001011000000000101000100
00000000001000010000100001000001100000000000001100000000000001001010011000010000100010011110101
00000000000000000000000001000011100000000000000000000000000000000000000000000000000000000000000
00000000000000000000000000000000000000000000000000000000000000000000000000000000000000000000000
01110001001011010111100011001011101110100000001101000110100000000000011001011000000100001000100
00000000000000100000000001000001100000000101011101000000000000000100011000011000000000001000100
01110001001011010111100011011011101110100101011101000110000000000100011001111000000000001001100
10000000000000000000000001000000000000000000000000000000000000000000000000000000000000000000000
00000010000000010000100001100001100000010000001110100000000000000100011001011000000000101000100
00000000000000000000000001000000000000000000000000000000000000000000010000000000000000000000000
00000010001010010111100011011011101110100101011101000000000000000100011000011000000000001000100
00000100001100010000110001000001100000000000101110000000000000010000001100101011000010011110101
00001000011000010000100101001001100001001000001111000000000001001001001010011000100010011110101
00000000001000010000100001001001100000000000001100010001000001001010111000010000101010011110101
00000000001000010000100001100001100000010000001110000000000000000100011001011000000000101000100
01110001001010010111100011011011101110100001011101000000000000000000010000000000000000000000000
00000000000000000000000001000000000000000000000100000000000000000000000000000000000000000000000
01110001001000010000100011001001100110010000011100001000000000000100011001011000000000101000100
00001000101000010000100101001001100000001000001111000000000001001000001010011000100010011110101
01110001001001010111100011001011101110100101011101000110111100100000011000110000000101001000100
00000000000000100000000001000001100000000101011101000000000000000000000000000000010000000000000
00000000001010010000100001001001100000000000001100010001000001001010111000010000101010011110101
00000000000000100000000001000001100000000000000010000000000000000000000000000000010000000000100
00000000000000000000000001000000000000000000000010000000000000000000000000000000000000000000000
00000000001000010000100001100101100000010000001110000000000000000100011001011000000000101001100
00000000001000010000100001000001100000010000001010000000000000000100011000010000000000001000100
00000000000000010000000001000101100000000010000010000000000010000000000000000100000000101000100
00000010001000010000100001100001100000010000001110100000000000000100011001011000000000001000100
00000000001000011000101001000001110000010000001110000000000000000100011000011000000000001000000
00000000000000010000000001000101100000000010000010000000000010000000000000000000000000000000010
00000000001000011000101001000001110000010000001110000000000000000100011000011000000010011110101
00000000000010010000000001000101100000000010000010000000000010000000000000000100000000000000010
00000010001000010000100001100001100000010000001110100000000000000100011001011000000000100000000
00000000000000000000000001000001100000000000001010000000000000000000000000000000000000000000000
00000010001000010000100001100001100000010000001110100000000000000000000000000000000000101000100
01110001001010010111100011011011101110100101011101000000000000000100011000011000000000001000100
00000000001100010000110001000001100000000000101010000000000000010000001100101010000010011110101
01110001001010010111100011011011101110100101001101001000000000000100011000011000000000001000100
00000000000000000000000001000001100000000000001010000000000000000000000100000000000000000000000
00000010001000010000100001100001100000010000001110000000000000000100011001011000000000101000100
00000000001000010000100101001001100000001000001110000000000000001000001000010000000000000000000
01110001001011010111100011001011101110100101011101000110111100100000011000110000000001000000000
01110001001010010111100011011011101110100101001101000000000000000100011000011000000000001000100
10000000000000000000000001000000000000000000000100000000000000000000000000000000000000000000000
01110001001011010111100011001011101110100101011100000110111100100000011000110000000101001000100
01110001001010010111100011011011101110100101011101000000000000000100011000011000010000001000100
00000000001000010000100001000001100000000000001100000000000001001010011000011000100010011110101
00000010001000010000100001100001100000010000001110100000000000000100011001011000000000111000100
00000000001100010000110001000001100000000000101010000000000000010000001100101011000010011110101
00000010001000010000100001100001100000010000001110100000000000000100011001011000000000000000000
01110001001010010111100011011011101110100100010100000000000000000100011000011000000000001000100
00000000000000100000000001000001100000000000000010000000000000000000000000000000010000010000000
00000000000000000000000001000001100000000000000011000000000000000000001000011000100010011110101
01110001001010010111100011001011101110100101011101000000000000000100011000011000000000001000100
00000000001000010000100001100001100000010000001110000000000000000100011001010000000000101001100
00000000000000100000000001001001101110000000000010000000000000000000000000000000010000000000000
01110001001011010111100011001011101110100101011101000110111100100000011000110000000101001000100
01110001001010010111100011011011101110100101011101000000000000000100011000011000000000001000110
01110001001010010111100011011011101110100101011101000000000000000100011000010000000000001000100
00000000001000010000100001000011100000000000001100000000000001001010011000010000100010011110101
01110001001010010111100011011011101110100101011101000000000000000100011000011100000000001000100
00000000001100010000100001000001100000000000001110000000000000010000001100101011000010011110101
01110001001010010111100011001011101110100101001101000000000000000100011000011000000000001000100
00000000000000010000000001000101100000000010010010000000000010000000000000000100000000000000010
01110001001010010111100011011001101110100101011101000000000000000100011000000000010000000000000
00000000001000010000100001000001100000010000001110000000000000000100011001011000000000101001100
00000000000000000000000001000000000000000000000100000000000000000000000000000000000000000000100
01110101001011010111100011001011101110100000001101000110100000000000011001011000000100001000100
00000000000000010000000001000101100000000000000000000000000010000000000000000100000000000000010
00000000001000010000100001000001100000000000001100000001000001001010111000010000101010011110101
00000010001000010000100001100001100000010000001111100000000000000100011001011000000000101000100
00000000001100010000100101001001100000001000001110000000000000001000001000010000000000000000000
00000000001000010000100001100001100000010000001110100000000000000100011001011000000000101000100
00000000001000010000100001100001100000010000001111000000000000000100011001011000000000101000100
00000000001000010000100001000001100000010000011101000000000000000100011000011000000000001000100
00000000000000010000000001000101100000000010000010001000000010000000000000000100000000000000010
01110001001010010111100011011011101110100101011101000000000000000100011000011000010000000000000
01110001001011010111100011001011100110100101011101000110111100100000011000110000000001001000100
00001000011000010000100101001001100000000000000010000000000001001001001010011000100010011110101
00000000001100011000101001000001110000010000000010000000000000000000000000000000000000001000100
01110001001011010111100011001011101110100101011101000110111100100000011000110000000001001000100
00000010001000010000100001100001100000010000001110100000000000000000000000000000010000000000000
00000000000000100000000001001001101110000000010010000000000000000000011000011000010000000000100
00000000001000010000100001100001100000000000001110000000000000000000000000000000010000000000100
00000010001000010000100001100001100000010000001110100000000000000100011001011000000000101000100
00001000011000010000100001001001100001001000001111000000000001001001001010011000100010011110101
00000000000000010000000001000101100000000000000010000000000010000000000000000100000000000000010
01110001001011010111100011001011101110100101011101000110111100000000011000110000000101001000100
00000000000000100000000001000001100000000000001010000000000000000000000000000000010000000000000
00000000000000000000000001000001100000000000000010000000000000000000000000000000010000000000100
00000000000000000000000001000001100000000000000000000000000000000000000000000000000000000000000
01110001001010010111100011011011101110100101011101000000000000000100011001011000000000001000100
01110001001010010111100011011001101110100101011101000000000000000100011000011000000000001000100
00000000001000010000100101000001100000000000001100000000000001001010011000010000100010011110101
00000000000000010000000001000101100000000010000010000000000010000000000000000100000000000000010
01110001001010000000100011011011101110100101011101000000000000000100011000011000000000001000100
00000000000000000000000001000000000000000000000000000000000000000100011000011000000000001000100
00000000000100100000000001000001100000000000000010000000000000000000000000000000010000000000000
00000000001000010000100001000001100000010000001110000000000000000100011001011000000000101000100
01110001001010010111100011011011101110100101011101000000000000001100011000011000000000001000100
10000000000000000000000001000011100000000000000000000000000000000000000000000000000000000000000
01110001001010010101100011011011101110100101011101000000000000000100011000011000000000001000100
01110001001000010111100011011011101110100101011101000000000000000100011000011000000000001000100
00000000000000000000000001000000000000000000000000000000000000000000000000000000000000000000000
00000000001000010000100001000001100000000000001100010001000001001010111000011000101010011110101
00000000000000000000000001000000000000000000000000000000000000000100011000001000000000000000000
00000000001000010000100001000001100000010000001110000000000000000100011000010000000000001000100
00001000101000010000100101001001100000001000001111000000000001001000001000011000100010011110101
00000000001100010000110001000001100000000000101110000000000000010000001100101011000010011110101
01110001001010010111100011011011101110100101011111000000000000000100011000011000000000001000100
00000000001000100000000001000001100000000000000010000000000000000000000000000000010000000000000
00000000000010000000000001000000000000000000000000000000000000000000000000000000000000000000000
00001000111000010000100101001001100001001000001111000000000001001001001010011000100010011110101
01110001001010010111100011011011101110100101011101000000000000000100010000011000000000001000100
00000000000000100000000001001001101110000000000010000000000000000000011000011000010000000000100
00000000000000100000000001000001100000000000000010000000000000000000000010000000010000000000000
00000000000000000000000001010000000000000000000000000000000000000000000000000000000000000000000
01110001001010010111100011011011101110100101011101000000000000000000010000011000000000001000100
00000000000000010000000001100001100000000000001110000000000000000100011001011000000000101000100
00000000001000010000100001000001100000010000001110000000000000000100011001010000000000101001100
00000000000010000000000001000001100000000000000010000000000000000000001000011000100010011110101
00000000000000100000000001000001100000000101000010000000000000000000000000000000010000000000000
00000010001010010000100001100001100000010000001110100000000000000100011001011000000000000000010
00000010001000010000100001100001100000010000001101000000000000000100011001011000000000101000100
00001000011000010000100101001001100001001000001010000000000000000000000000000000010000000000000
00000000001000010000100001000001100000000000000010000000000000000000000000000000010000000000000
00000000001000010000100001100001100000010000000110000000000000000100011001011000000000101000100
00000000000000000000000001000000000000000000000000000000000000000000001000000000000000000000000
00000010001000010000100001100001100000010000001110100000010000000100011001011000000000101000100
00000000001000010000100001100001100000010000001111000000000000000100011001011000000000101001100
01110001001010010111100011011011101110100101011101001000000000000100011000011000000000001000100
00000000001000010000100001000001100000000000001100010001000001001010111000010000101010011110101
01110001001010010111100011001011101110100101011101000110111100100000011000110000000000001000100
01110001001010010111100011011011101110100101011101000000000000000100011011011000000000001000100
01110001001010010111100011011011101110100101011101000000000000000000000000000000010000001000100
00001000011000010000100101001001100001001000001111000000000000000000001000000000101010011110101
00000010001000010000100011011011101110100101011101000000000000000100011001011000000000101000100
01110001001011010111100011001000101110100101011101000110111100100000011000110000000000001000100
00000000001001010000100001000001100000010000001110000000000000000100011001011000000000101000100
00000000001000010000100001100001100000010000001110000000000000000100010001011000000000001000100
01110001001010010111100011011011100000000000000111000000000001001001001010011000100010011110101
00000000000000000000000001000000000000000000000000000000000000000000000000011000000000001000100
01000000001000010000100001001001100000001000001110000010000001001010011000101000000000001000100
00000000001000011000101001000001110000010000000010000000000000000000000000000000000000001000100
00000000001000010000100001000001100000010000011110000000000000000100011001011000000000101001100
00000000001000010000100001000001100000000000001110000000000001001010011000010000100010011110101
00000000000000100000000001000001100000000000000010001000000000000000000000000000000000001000100
00000000001000010000100001100001100000010000011110000000000000000100011001011000000000101001100
00000000000000100000000001000000000000000000000000000000000000000000000000000000000000000000000
00000000000000100000000001000001100000000000000010000000000010000000000000000000010000000000000
00000010000000010000100001000001100000000000000110000000000000000000011000011000010000000000100
01110001001010010000100001100001100000010000001110000000000000000100011001011000000000101001100
01110001001010010111100011011011100000000101011101000000000000000100011000011000000000001000100
00001000111000110000100101001001100001001000001111000000000001001001001010011000100010011110101
00000000000000000000000001000000000000000000000000000000000000000000000000000000000000000000100
01110001001010011111100011011011101110100101011101001000000000000100011000011000000000001000100
00000010001010010000100001100001100000010000001110100000000000000100011001011000000000101000100
00000000001001010111100011001011101110100101011101000110111100100000011000110000000001001000100
00000000000000100000000001000001100000000000000000000000000000000000000000000000010000000000000
00000000000000100000000001000001100000000000000010000000000000000000000000001000010000000000000
00000000000000000000000001000000000000000000010000000000000000000000000000000000000000000000000
00000000001010010000100001100001100000010000001110000000000000000100011001011000000000101000100
00000000001000010000100001100001100000010000011110000000000000000100011001011000000000101000100
00000000001001010000100001100001100000010000001110000000000000000100011001011000000000101000100
00000010001000010000100001100001100000010000001110100000000000000100011001011000000000100000100
00000000000000100000000001000001100000000000001000010001000001001010111000010000101010011110101
01110001001011010011100011001011101110100101011101000110111100100000011000110000000101001000100
00000100001100010000000001000001100000000000101110000000000000010000001100101011000010011110101
00000000001000010000100001100001100000010000001110000000000000000100011001011000000000101001100
00001000011010010000100101001001100001001000001111000000000001001001001010011000100010011110101
00000000001010010000100001000001100000000000000010000000000000000000000000000000010000000000000
00000000000000000000000001000001100000000000000010000000000000000000000000000000000000000000000
