00000000001000010000100101001001100000001000001110000000000000001000001000010000000000000000000
01110001001011010111100011001000101110100101011101000110111100100000011000110000000000001000100
00001000011000010000100101001001100001001000001111000000000001001001001010000000000000000000100
00000000001000010000100101000001110000010000000010000000000000000000000000000000000000000000000
00000000001000000000100001100001100011010000001110100100000000000100011000011000000000101000100
00100001010110000000000111110000110001000100000001000001010010000101011111011011011011101000010
00000000000000000000000000000000000000000000000000000000000000000000000000000000000000000000000
11111111111111111111111111111111111111111111111111111111111111111111111111111111111111111111111
01010001110011011110110011011000101100000111011101011000000010100101011010011000001001000000100
01110001001010010111100011011011100000010000001110000000000000000000000000000000010000000000000
01110001001010000000100011011011101110100101011101000000000010000000000000000000010000000000000
00001000011000010000100001001001100001001000001111000000000001001001001010011000100010011110101
00001000011010010000100101001001100001001000001111000000000001001001001010011000100010011110101
00000000000000100000000001000001100000000000001000010001000001001010111000010000101010011000000
01110001001010010111100011001011101110100101011101000110000000000100011000011000000000001000100
00101001100111110001001000011101100101000100000010011100101010110000011001000100110011011100010
11001100100110000100101100100100110011111000110110000101010101010111101011010010100110000101010
00000010001000010000100001100001100000010000001110000000000000000100011001011000000000101000000
00001000011010010000100101001001100001001000001111000000000001001001001010011000100010011100100
00001000111000110000100101000001100000000000000010000000000000000000000000000000010000000000000